p.rand[1]=58.76818343651663
p.rand[2]=89.33111500737216
p.rand[3]=79.90522582994966
