p.rand[1]=41.82143550016295
p.rand[2]=78.01290464571255
p.rand[3]=99.51097430123575
